0.0 8.172800000000312e-06 0.0 0.00018001700000000177
0.0 6.605000000001193e-06 0.0 0.000169076600000001
0.0 7.06779999999907e-06 0.0 0.00017799719999999632
0.0 6.417199999997347e-06 0.0 0.0001709840000000018
0.0 7.71880000000058e-06 0.0 0.00019070179999999826
172.93891799999994 0.00033790279999999784 47.097033999999944 0.002241631400000002
151.47839400000004 0.00034290879999999415 48.031548000000015 0.0013467901999999975
132.59337000000005 0.00036342740000000484 41.66756999999991 0.0019854779999999906
131.454126 0.0003377223999999956 48.79402000000006 0.002650681999999993
151.23849199999995 0.00033683640000000125 48.85368600000004 0.0022601406000000105
110.64761800000002 0.0004044010000000042 13.040284000000042 0.0030238830000000054
80.44103199999998 0.000392248200000006 21.49185000000002 0.0029465479999999985
93.633346 0.00037926079999999753 17.114911999999993 0.0024131743999999955
120.37965999999999 0.00036317479999999904 19.857097999999993 0.0023512969999999857
129.41262799999996 0.0003592098000000043 15.217560000000002 0.0020260847999999942
302.28877800000004 0.002755655400000001 163.70461399999976 0.018458383600000006
344.017424 0.0027349689999999647 106.76593199999995 0.026467857000000004
387.236324 0.002760523199999998 118.4005839999999 0.022392658600000014
432.75912399999993 0.0027387305999999837 110.60065199999998 0.025867763399999986
427.77151999999984 0.002718540199999997 125.28685799999961 0.024642937399999985
171.759002 0.002683544999999965 50.038271999999964 0.021908718600000078
240.6560580000001 0.0028322917999999307 58.1788659999996 0.021770778199999972
253.98277599999997 0.0026874900000000146 57.736940000000004 0.017513745599999988
322.26276199999995 0.0026965103999999846 40.37190599999999 0.01787836500000002
238.78427599999995 0.002742998799999974 45.13675599999993 0.03034398439999997
839.391296 0.020539255999999905 326.98829800000016 0.3236671099999999
901.5593920000005 0.02055050559999989 303.3076060000003 0.36339731120000013
889.6143559999996 0.020276009999999896 477.33129999999926 0.18041764039999963
865.4840620000004 0.02072384940000003 312.08508400000085 0.2235922780000001
700.424222 0.020504017199999856 377.65268799999984 0.3531859618
86.361808 0.004787371799999818 53.855258000000006 0.06856363979999996
316.882864 0.004858177599999536 48.593396000000304 0.04962432439999951
262.11549 0.004899134000000416 55.883153999999834 0.06409286460000024
298.95161199999995 0.004897287000000006 82.58407199999934 0.04193114880000018
214.92084999999997 0.004903135800000413 83.37428400000007 0.044419076799999506
1094.4852939999998 0.03856294340000055 332.66707200000076 0.9536399692000003
1606.5564499999991 0.03924886699999917 435.6828380000012 0.2939282354000007
1066.3733639999991 0.038929976400000045 354.24112600000063 0.8867775919999993
1097.4132860000002 0.03783398260000013 398.0904739999989 0.5856650513999988
924.1819180000003 0.037596162999999905 394.9043439999999 0.33325146319999993
378.92008 0.008599518999999844 85.61713600000039 0.07775824199999945
383.697756 0.00857619100000022 83.87326799999991 0.1658330239999998
335.261972 0.008595873600000914 90.12301800000009 0.10393264139999941
399.90481199999994 0.009072352399999772 86.77525999999968 0.10667580520000045
405.10545800000006 0.008636806399999841 103.60942600000007 0.10505208340000038
1214.163764 0.06673798660000045 443.5580099999997 1.5160184688000002
1125.709308 0.07574499800000183 554.2221619999979 1.1491546659999967
1265.877792 0.07478890019999937 519.3280519999995 2.7599115506
1316.0475919999994 0.06665061120000217 477.69028599999695 0.9746483218000023
1592.4987260000003 0.0665097199999991 439.0564959999997 1.1191892534000034
