
10000 1.67e-06
30000 1.097e-06
50000 6.7e-07
70000 8.61e-07
90000 6.81e-07
110000 7.37e-07
130000 7.42e-07
150000 8.85e-07
170000 8.49e-07
190000 7.48e-07
210000 8.93e-07
230000 9.05e-07
250000 9.48e-07
270000 9.35e-07
290000 1.246e-06
310000 8.64e-07
330000 8.23e-07
350000 1.022e-06
370000 1.12e-06
390000 9.12e-07
410000 9.88e-07
430000 8.55e-07
450000 1.495e-06
470000 1.61e-06
490000 1.424e-06
510000 2.338e-06
530000 2.328e-06
550000 1.301e-06
570000 2.432e-06
590000 1.257e-06
610000 1.134e-06
630000 1.098e-06
650000 1.662e-06
670000 9.75e-07
690000 9.17e-07
710000 1.051e-06
730000 9.25e-07
750000 1.083e-06
770000 1.031e-06
790000 9.13e-07
810000 9.28e-07
830000 9.28e-07
850000 9.77e-07
870000 1.362e-06
890000 1.029e-06
910000 1.269e-06
930000 1.077e-06
950000 1.801e-06
970000 1.332e-06
990000 1.602e-06
1010000 1.401e-06
1030000 1.353e-05
1050000 1.087e-06
1070000 1.414e-06
1090000 1.523e-06
1110000 1.212e-06
1130000 1.198e-06
1150000 3.012e-06
1170000 1.375e-06
1190000 1.605e-06
1210000 1.305e-06
1230000 1.704e-06
1250000 1.506e-06
1270000 1.008e-06
1290000 1.202e-06
1310000 1.605e-06
1330000 1.609e-06
1350000 1.138e-06
1370000 1.29e-06
1390000 1.012e-06
1410000 1.282e-06
1430000 1.608e-06
1450000 1.078e-06
1470000 1.259e-06
1490000 1.467e-06
1510000 1.282e-06
1530000 1.242e-06
1550000 1.186e-06
1570000 1.495e-06
1590000 1.244e-06
1610000 1.854e-06
1630000 1.284e-06
1650000 1.637e-06
1670000 2.019e-06
1690000 1.719e-06
1710000 1.44e-06
1730000 1.732e-06
1750000 1.34e-06
1770000 1.277e-06
1790000 1.576e-06
1810000 1.624e-06
1830000 1.539e-06
1850000 1.307e-06
1870000 1.305e-06
1890000 1.805e-06
1910000 1.128e-06
1930000 1.467e-06
1950000 2.698e-06
1970000 2.302e-06
1990000 2.036e-06
2010000 1.199e-06
2030000 1.28e-06
2050000 1.367e-06
2070000 1.669e-06
2090000 1.19e-06
2110000 1.416e-06
2130000 1.48e-06
2150000 1.336e-06
2170000 1.392e-06
2190000 1.799e-06
2210000 1.476e-06
2230000 1.699e-06
2250000 1.697e-06
2270000 1.64e-06
2290000 1.562e-06
2310000 1.828e-06
2330000 1.487e-06
2350000 1.428e-06
2370000 1.753e-06
2390000 1.52e-06
2410000 1.623e-06
2430000 1.378e-06
2450000 1.487e-06
2470000 1.353e-06
2490000 1.365e-06
2510000 2.033e-06
2530000 1.606e-06
2550000 2.215e-06
2570000 9.869e-06
2590000 1.733e-06
2610000 1.529e-06
2630000 1.368e-06
2650000 1.498e-06
2670000 2.814e-06
2690000 1.427e-06
2710000 1.873e-06
2730000 1.599e-06
2750000 1.269e-06
2770000 1.519e-06
2790000 1.575e-06
2810000 1.625e-06
2830000 1.427e-06
2850000 2.409e-06
2870000 1.441e-06
2890000 2.915e-06
2910000 1.566e-06
2930000 1.37e-06
2950000 1.587e-06
2970000 1.506e-06
2990000 1.568e-06
3010000 1.797e-06
3030000 1.467e-06
3050000 1.471e-06
3070000 1.584e-06
3090000 1.288e-06
3110000 1.295e-06
3130000 1.403e-06
3150000 1.714e-06
3170000 1.572e-06
3190000 1.359e-06
3210000 1.442e-06
3230000 1.495e-06
3250000 1.386e-06
3270000 1.526e-06
3290000 1.425e-06
3310000 1.516e-06
3330000 1.481e-06
3350000 1.935e-06
3370000 1.652e-06
3390000 1.462e-06
3410000 1.404e-06
3430000 1.456e-06
3450000 1.853e-06
3470000 1.301e-06
3490000 1.356e-06
3510000 1.672e-06
3530000 1.496e-06
3550000 1.211e-06
3570000 1.694e-06
3590000 1.383e-06
3610000 1.433e-06
3630000 1.768e-06
3650000 1.515e-06
3670000 1.719e-06
3690000 1.688e-06
3710000 1.691e-06
3730000 1.865e-06
3750000 1.73e-06
3770000 1.324e-06
3790000 1.587e-06
3810000 1.794e-06
3830000 1.57e-06
3850000 1.63e-06
3870000 1.639e-06
3890000 1.438e-06
3910000 1.446e-06
3930000 1.442e-06
3950000 1.989e-06
3970000 2.23e-06
3990000 2.076e-06
4010000 1.659e-06
4030000 1.44e-06
4050000 1.449e-06
4070000 1.608e-06
4090000 1.686e-06
4110000 1.605e-06
4130000 1.746e-06
4150000 1.938e-06
4170000 1.755e-06
4190000 1.527e-06
4210000 1.591e-06
4230000 1.501e-06
4250000 1.816e-06
4270000 1.608e-06
4290000 1.673e-06
4310000 1.283e-06
4330000 1.484e-06
4350000 1.545e-06
4370000 1.52e-06
4390000 1.7e-06
4410000 1.784e-06
4430000 1.662e-06
4450000 1.711e-06
4470000 1.886e-06
4490000 1.535e-06
4510000 1.418e-06
4530000 1.891e-06
4550000 1.561e-06
4570000 1.929e-06
4590000 2.006e-06
4610000 1.952e-06
4630000 1.562e-06
4650000 2.373e-06
4670000 1.769e-06
4690000 1.448e-06
4710000 1.88e-06
4730000 1.706e-06
4750000 1.718e-06
4770000 1.554e-06
4790000 1.64e-06
4810000 1.547e-06
4830000 1.679e-06
4850000 1.314e-06
4870000 2.035e-06
4890000 1.634e-06
4910000 1.615e-06
4930000 1.232e-06
4950000 2.023e-06
4970000 1.56e-06
4990000 1.763e-06
5010000 1.974e-06
5030000 1.571e-06
5050000 2.142e-06
5070000 1.498e-06
5090000 1.88e-06
5110000 1.533e-06
5130000 1.563e-06
5150000 1.939e-06
5170000 1.535e-06
5190000 1.62e-06
5210000 1.584e-06
5230000 1.914e-06
5250000 1.907e-06
5270000 1.687e-06
5290000 1.478e-06
5310000 1.629e-06
5330000 1.876e-06
5350000 1.622e-06
5370000 3.172e-06
5390000 1.409e-06
5410000 2.042e-06
5430000 1.756e-06
5450000 1.925e-06
5470000 1.788e-06
5490000 1.681e-06
5510000 1.651e-06
5530000 1.567e-06
5550000 1.916e-06
5570000 1.572e-06
5590000 2.694e-06
5610000 1.697e-06
5630000 2.12e-06
5650000 1.796e-06
5670000 2.026e-06
5690000 1.653e-06
5710000 1.86e-06
5730000 2.032e-06
5750000 1.773e-06
5770000 1.977e-06
5790000 1.779e-06
5810000 1.488e-06
5830000 1.663e-06
5850000 2.015e-06
5870000 1.73e-06
5890000 1.583e-06
5910000 1.866e-06
5930000 1.682e-06
5950000 1.599e-06
5970000 1.6e-06
5990000 1.684e-06
6010000 1.962e-06
6030000 1.736e-06
6050000 1.458e-06
6070000 1.692e-06
6090000 1.822e-06
6110000 1.473e-06
6130000 1.801e-06
6150000 1.713e-06
6170000 1.699e-06
6190000 1.735e-06
6210000 1.864e-06
6230000 1.698e-06
6250000 1.57e-06
6270000 1.657e-06
6290000 1.668e-06
6310000 1.568e-06
6330000 1.756e-06
6350000 1.543e-06
6370000 1.752e-06
6390000 1.679e-06
6410000 1.676e-06
6430000 1.869e-06
6450000 1.972e-06
6470000 1.669e-06
6490000 2e-06
6510000 1.699e-06
6530000 1.708e-06
6550000 1.695e-06
6570000 1.331e-05
6590000 2.316e-06
6610000 1.701e-06
6630000 1.786e-06
6650000 1.663e-06
6670000 1.704e-06
6690000 1.505e-06
6710000 1.733e-06
6730000 1.488e-06
6750000 1.738e-06
6770000 1.763e-06
6790000 1.942e-06
6810000 1.62e-06
6830000 1.57e-06
6850000 2.204e-06
6870000 1.694e-06
6890000 2.229e-06
6910000 1.603e-06
6930000 1.657e-06
6950000 1.673e-06
6970000 1.664e-06
6990000 1.808e-06
